s = [-1.30822757768465	1.40782509146923	0.804854201331578	-1.00244601645218	0.554806862749796	-0.548903117818061	-1.19974254169405	0.0792027220896088	-1.82792047960958	-0.148425634432168	1.92411938113195	-0.358574753538927	-0.289965991519025	0.192455144058942	1.06139574816671	0.210723653791996	-0.0928777156694418	1.04760610594061	-1.12482632569202	-1.33105939112105	0.766117316555292	-0.272855844906808	-0.534893429145220	0.999579050166105	-0.419137016314697	-0.313312442024665	0.407509447677064	-0.196521741907223	-0.737937505495834	-0.981437011465817]
r = -0.804854201331578